$ANSIBLE_VAULT;1.1;AES256
39643965303136643165323430666337383936316566383935633162643961333061616330316565
3333373535313461306263386537353665613736666664630a666436366261336462663762383035
33633730366663366437306565393464663233643934323434653863346337323836653931333930
3261393337636366360a613563383565366231303833666362383932343732363266316634323033
66393534323862363131666639633262653130373239346466323861626430383331343664656462
61343338316235343335623964353762626632303161356635393462336561623739383038326662
36353338373635323737613561343065613662353438393333653865303766643361343933343433
66623832306331316237656463313434393733636234646633343265663063383462623533353733
35336463383330373164373161383731383934383163393066373335333832663763323435333561
66663563633036366237656261363033613236323736393530323936653534653130326366313234
61333965366433326362646435366636336133653739646636626231326532306634303333313266
36323532653637356132626332643261366630323039343664366463646333343930383965353135
32373061353138303036646538306565646166343439616130393538666366353534653065363136
38343137383164363238383435653363653162343334613566633061326533343332353366366532
63333938663264306131656664633932653938316432646663666336616530396338313832623766
39356261656364633334666534383262313164303661376539613932373063663231343062623231
62393735633036393364326361323132653539396231613364316665326634303961363766336238
31366231343837353464373032303936623833386462366166623666383065366330333664366536
62316530626464363631326665393464363131323439383934323137656236613735616262663961
35646365613234653332323337636432316166383464646336343863613564306431633034343835
31333936666339373933376330633262383638616639313431633561346564663864643837323632
30356231363032663863663735346536376236356135646362306562653061323030616433373264
33663262613931373434396666333032643432363139326566376436336439366631666464633236
35346635646237336233616163346263613963343935646266613934326133373736633138646631
37313834373737343865376334323938663266343961636639383130313836656539363765363564
66376233356362636634333364643538323963653066333337663565616333366232396330633637
64646436343565323431613964333666393932373034386531323864393963343631633932303362
30636162316262393330383364303261356663633734623338326635643932653535306232323762
64663366623135313733393436636130663461656562646539666135633339396563666136363266
30313735386666646331363032353566303636343366643632386562663166383934626564656566
37626337343465346533316535353962633236396338303831623938323039643461313037653436
66353139353536326132303534623135306433303466353865303534336661373064663864363266
64333133626439643830346638356361626636633837613833303261633465396464666638363061
33666239366662363262306332363533613031626430333161666631623539343535653965343166
35356364623562343364343833633034333065386239613134656339663662613932346361623933
64633063633235323337363463633666376230656463666334356630363131326639326633646466
35616562363430616531323665353563616635363465383730303038616335316361333265346366
35336531346430323365303038653835373066616362383561313139353036643134653836386630
37646338653837343531353136303334373266633465316237373065633531396165366165646632
33613264666432396165636136643139323565636661356530376432336339646130336462363338
30333666313233333962626562343530346162613365613739346337356637306239663965313165
32656531613263336235636536663935336333653562613165653666313366633764626535356138
38333232333964363862633933376133663537626664613164613531613134666235386165623866
31633764373765383766663461313566636639353962306165333762613265336664343930313066
38373765383836323536626266643635326263306131366530366531613761306632316637336366
31303734316463623363356130613038393938386236633637666563633831613765393135626236
31393661393763376238666665363133316364326361653464343164343563616337663661646564
63613632366633663531393533346364623937303631666636366134376334646563343734646664
63633638356536663361323764333232363161663933383138343566356135363063313736373764
34383161306466643232623066313162353731383635366130386165313935656135666637386365
64626233623139356436376561643739336531333639623066336137353065656637376262363431
31626537343030353862653163326239343332306462386338336638616636386431376561366662
61346364613134613365653833616633323433326538333234363733343430346137303766316438
63386461666131333334383864336231646563396232353666376537373132666538616438623364
34323066663137303461383237613763393436333761323864343861356333353432613332383065
36666534323564643631396665326361623661383139626361633764323832373063643338383638
38656230383733633761613065393961336532363830386266316361373636326236613634346164
34616438653164313234353234383565616239356365643037356538336434393230356635323364
32616534646530663638396238316138353636316532653839613865373434376561343532323536
30353635306365386135393439346362663939646133336363646637613635363835373437623163
62303639363935663335313134613332373235386530306430373131636266333939393636656232
38666266333064366639303635623232386435383162383435346266653533353866353236353634
63663839636633633436623835343737336336346632613632653866663432343032376163356363
66393532353237656632383735323032626363323436633362633339616665383961633930343433
38366538353861626234663564303533383461363762373733616637326435636665663431353136
34646432646331323564663961663037656635383664306637386335643162376430353063646536
37386530643133643766373461653861643730396334393561343665373335663837356131333337
30333230373562356336363232376463626463383234336664666662393039386630373930376239
65326466383035333564636231643735303362663162623166646437613262616435613034316538
34306637373231383634346130613130303238353037373864373261613363643962653330376164
33383935653235366665626662316536633566343531623464616639623235623033633232383933
31363361396432613462656339373331623736333738346639326461326661653063636539663661
37613461363735623431323262316361356162363766363466393363333764393166646139656435
36653431383839323830336165306336333561623265373163626463363139363363346561666136
38386538323732316236366661356333313165663361396361356239373361643265623833663130
61316362646431636566323132653533376463643035613931333565333064316331666630643663
32336436653664343934333135396438363933323732393139663738333934343733323864663432
36636233396436616537363532633663373065366364383532613633393835646561393831393230
37313332653732343837336331623238323935636137376437313064386637346266343364346437
63626361636234353462666234373733653033333534313162366137306561626132653032396431
36633539666264613766643466336236316535363361363331316163353139396134376564393337
35323331303462636263333636383738366665313461316233656439336339656564313966383035
31303863396533383166623832363331396537313739363237336230323134616264383136396431
62663861613937386235373836373064383664616362346463373362306664396339303537656163
30356533633430366162636166333663393964336338366562653431623735356663326539663462
32346537333565303464343164613462326433666363303266303438343731353031343734623036
66323037636662626130333364623338653037316135666635626234383061393536383961316662
35333439353830663264
