$ANSIBLE_VAULT;1.1;AES256
34336362346632643563386636346534303831653830626131383664373265616538666333356665
3336336331653137313338346633353837333331666230320a623861643363373165363262353663
38313134363035616666316330323562303835343833316265373134393637656536663465343832
3937306631666339300a636562303333326133636134386535613834633839653566633438383262
63333363613130356464396563373362396539366461363332383836653737616164306230373364
38306636636463376335613237646261663133633232613661396239393434613831306639323831
35396363363135653337353737376130353766353834643661306561653030663337343462623433
35346362386333373332633839393865373366663837306333373762633531646466663065373936
33366466313461303033393936633837653832393863626633636663363366376261323664353637
63313434653833346434353836393863323338373765633532626535633838393033653335303333
38313262653131663132366361646663633736326332366235363138383431396535346331366234
31326637656439623831356364623935636332646138313938336239323832343438633462323164
34653034383464316434616363373937666338383637613237636630393836373039633436646635
30393937313339653536623231636633376162323863653764363034346530613837306433353735
32376235343431616665666634633836396231666334303266633536336365316136323232333733
61623135383730356630383564313535366464376564626261663339616234316530636532653365
37363331336532633563363264393233633665393531363437313130656366616136663561366666
63656264366637663935353930303938636263366538636431316533356663383965646263323465
37616433363934623439626666666431353431303933626534616238393763663633336665363539
33386532386137656337643636373833306264393636363732323963303464313838343836643232
65623132333462623464396237323135343166316236383830613735323232663963383335323030
34343263316663323765366464306164613764386438363234363331393031623930393636353236
36346661306137626663316464326439303565663339316630623836313839613662306462363834
31386363313830353932323363343861316535356262306264656530633666373633666133633236
32363965353835383838343039393738373438316131353366663934383234303630633363303739
36393134613032356162306135343334663962666263653030326636356566323635346164633337
64616564303037396334626163373938613239363933333131303335656564363234656137336632
35356133343833363364363433633734666264313061363333653439636466313136633338653132
33656565373938353737643539313661613665356266333931383662396132346365663137336466
31656533333938653266393632653939343534633434643261656239373462333430353535303537
39396562386564646536316266613765323165333336303965353265653033616231383663633838
38303732386237663939633262393761353963386633326632613438313737343261616233343731
32306466376464326437323834353162666636653638323265333339626539326439306239623463
66613033313439626565633164373964656637643261393466363039326232626130363332323562
37646631396366356461396535613365363030363932366631646236623066663535346662313865
65666638316631636363393764336135663164663437363737316438386166323430656364636465
66306537323363366439663336366364623461643635393437613137633536663865306536383762
34666362343438356230393433393339656531353137333836353138363135653064313031373262
33656266663230323664353532343931303038333132373031306137343630373338396637643538
39646539323433356536663238636535346438656635616462653262653165623161613338623133
36383435666639343734383539653162383139633838376535313366333234623734663030306565
39633863386335663266653434633261616539386634383065643830366366393939653030386566
39376436666265323163393839333537316230376132353863383935323265313965653738346330
30386231363138616661646432393765663735373332653738633163376330363265656134336233
39353539623261336137313661656561613039316533653062373135343130393538626433343164
30343333363565633761336234366332626338323538383163663131633733616538613536373639
32383961636234316634363061363664623838663361653831313431643432303538643733313437
37663864646261336535373438643566326464663436396439336435363061346334353536636363
30333039656435376634623132636561623766613965613764343839623435646139303139623536
37643732636637643532313039623063356262643736323933376633386561343832353735306438
37316630626135373034653166313831623338653430643664366565303836366332626632386638
65383038633438323433646339303562396665393431323634663130636462333733613839353031
37663539663735316533366235396161363031663761323661313331366663646630343433353666
63363761613063626533316236393335613862383334383932373930616563633138643866336263
63643236363065383266366137666535303064356431633139646266306665316238313030646630
61616466653562313832393338376632303164396433623561363637653239396332383635393636
38386538383439343966313938346130643631366236653438383432386130303936643961326532
63326137663961383466633933363234646437616337373434336636633234326462653866313436
34343934333139656231646534383238316130643063356338633730336634326136323563363637
38373430333464396666313030393461343633313362376538356539636565366465386130633564
30393962633263326662373532386436616565346361363738643166396435326436386565663662
63383164366164656262346665663631663437333236356562396139633266363962653037623362
35656638626631653132636162613331303665393665336330373238366564313135366438313966
30633063356266383532316537346561653733613730656333386561303238303736393832306236
35633938613133373337663630666437643831353163373464663662386364323961383638393563
39613166623265386130646536303532363032386662393537653962343935366463626537383636
35343664333838633261323265353861613934373531333033643738383633613465363761303935
61663230663536353234306139303236303237656665623761653866613432343932306462653639
32613336353365343864366163623661633034396531653065643533313634653231313636626563
62636365333932336439393266666232333862303261303631313538313634373835363836383063
36663266363731346166663534316232323934316664383263353131396162373232353465363631
38393065626566333064373238343461313363383635653464333035333436663030636232373838
63663331326266333037613066373561383630663565393266376431653736613663346365333564
33616339353134363634343036343930653865373434656133303339363334326265643832333738
39653333306130316137316238353134386137666234363261343865353134363965666534316662
33356464666166323734666337323862303634306135626536376461626330306532303463663931
33613161356632656664663963636136343639643534373732623033626532306533333837656632
62366565316231363032326136613032316635616331376438393735653762353036306363633637
37336437393962326566396464373237643865623031333636653130616238333532326139613161
31383235393337633363356230663238323931383835663831313464656430373965323539653035
36396639613734376132633561386439396463396139653365396137613839613633366432633939
32303333333338616536366434353636303237343030393564663262383266626339356263616236
35303939373863356165303261363665356233353563316534313532663863323161346466663064
65316139613862333265636438363537316238643834633064303864396465323735323966653232
39343135373131346532663861326539656134353238626132343931653239656165616631303366
35343061336632356134363331363964393736393964633332356162666537636332383162393435
64376536333461633232626563373838353165633235623934633063613733656362633130643736
31663836643162663439
